<?xml version="1.0" encoding="UTF-8" standalone="no" ?>
<SimscapeMultibodyImportXML version="2.0" xmlns="urn:mathworks:SimscapeMultibody:import" xmlns:xsi="http://www.w3.org/2001/XMLSchema-instance">
<Created by="socci" on="02/10/20||12:18:16" using="Simscape Multibody Link Version 6.1" from="Autodesk Inventor 2020.2 (Build 242310000. 310)"/>
<ModelUnits mass="kilogram" length="millimeter"/>
<DataUnits mass="kilogram" length="centimeter"/>
<RootAssembly name="Pendolo_Inverso.iam" uid="Pendolo_Inverso.iam_{9C984EAF-4A42-F63D-9524-FB88469DEEDC}" version="{76427F78-7EE1-2422-E692-1CF67EA9B62F}">
<AssemblyFile name="Pendolo_Inverso.iam" type="Inventor Assembly"/>
<InstanceTree>
<Instance name="19_Base_Pezzo_Unico:1" uid="19_Base_Pezzo_Unico:1" entityUid="19_Base_Pezzo_Unico.ipt_{7C038A44-4F5D-277D-6D95-8287DBE6EBAD}">
<Transform>
<Rotation>0.14733376034303458 1.2626240636841063e-15 0.98908683292377575 -1.6009161487961912e-16 1.0000000000000016 -1.2689904746622778e-15 -0.98908683292377575 -6.6999528592076161e-16 0.14733376034303458</Rotation>
<Translation>7.5655236691455547 -9.3752408878367496e-15 -7.4657844101145532</Translation>
</Transform>
<VisualProperties>
<Ambient r="0.96078431372549022" g="0.96078431372549022" b="0.96078431372549022" a="1"/>
<Diffuse r="0.96078431372549022" g="0.96078431372549022" b="0.96078431372549022" a="1"/>
<Specular r="1" g="1" b="1" a="1"/>
<Emissive r="0" g="0" b="0" a="1"/>
<Shininess>0.51687499999999997</Shininess>
</VisualProperties>
</Instance>
<Instance name="20_Base_Sopra:1" uid="20_Base_Sopra:1" entityUid="20_Base_Sopra.ipt_{9E5FE860-495D-1D67-91B9-10BE8ADB3001}">
<Transform>
<Rotation>-0.14733376034303347 0.98908683292377519 1.654656764899217e-15 1.2683424486099618e-15 -1.2689904746622771e-15 1.0000000000000022 0.98908683292377231 0.14733376034303389 -2.4950747449321245e-15</Rotation>
<Translation>4.5488088287280384 6.1000000000000014 -7.9151523791608076</Translation>
</Transform>
<VisualProperties>
<Ambient r="0.96862745098039216" g="0.96862745098039216" b="0.90196078431372551" a="1"/>
<Diffuse r="0.96862745098039216" g="0.96862745098039216" b="0.90196078431372551" a="1"/>
<Specular r="1" g="1" b="1" a="1"/>
<Emissive r="0" g="0" b="0" a="1"/>
<Shininess>0.51500000000000001</Shininess>
</VisualProperties>
</Instance>
<Instance name="20_Base_Sopra:2" uid="20_Base_Sopra:2" entityUid="20_Base_Sopra.ipt_{9E5FE860-495D-1D67-91B9-10BE8ADB3001}">
<Transform>
<Rotation>0.1473337603430335 -0.98908683292377531 2.2551277870112818e-15 -3.4413337073059467e-16 2.0468320775400049e-15 1.0000000000000022 -0.9890868329237722 -0.14733376034303411 -1.2467279917766863e-15</Rotation>
<Translation>10.582238509563082 6.0999999999999917 -7.0164164410683103</Translation>
</Transform>
<VisualProperties>
<Ambient r="0.96862745098039216" g="0.96862745098039216" b="0.90196078431372551" a="1"/>
<Diffuse r="0.96862745098039216" g="0.96862745098039216" b="0.90196078431372551" a="1"/>
<Specular r="1" g="1" b="1" a="1"/>
<Emissive r="0" g="0" b="0" a="1"/>
<Shininess>0.51500000000000001</Shininess>
</VisualProperties>
</Instance>
<Instance name="22_Blocco_Escursione_Braccio:1" uid="22_Blocco_Escursione_Braccio:1" entityUid="22_Blocco_Escursione_Braccio.ipt_{7915D2DB-4D85-5D45-94BE-DA90F04D09E8}">
<Transform>
<Rotation>0.14733376034303405 0 0.98908683292377486 4.0204877066333526e-16 0.99999999999999978 1.4584832626340501e-16 -0.98908683292377264 -6.4074414496337326e-16 0.14733376034303428</Rotation>
<Translation>20.966696628859967 2.4999999999999942 1.9845208277570663</Translation>
</Transform>
</Instance>
<Instance name="22_Blocco_Escursione_Braccio:2" uid="22_Blocco_Escursione_Braccio:2" entityUid="22_Blocco_Escursione_Braccio.ipt_{7915D2DB-4D85-5D45-94BE-DA90F04D09E8}">
<Transform>
<Rotation>-0.14733376034303453 1.4744676602678215e-15 -0.98908683292377642 1.6009161487961882e-16 1.0000000000000013 1.3414699725861074e-15 0.98908683292377531 -1.0874282982886482e-15 -0.14733376034303453</Rotation>
<Translation>-5.8356492905688855 2.5000000000000129 -16.916089647986198</Translation>
</Transform>
</Instance>
<Instance name="UNI 5739 M6 x 60:3" uid="UNI 5739 M6 x 60:3" entityUid="UNI 5739 M6 x 60_{A372AD11-815C-A684-A6DB-14AD41B3ECC9}">
<Transform>
<Rotation>-2.2204460492503091e-16 1.0000000000000004 1.3877787807814457e-16 -1.0000000000000009 -2.2204460492503131e-16 0 0 -1.3877787807814459e-16 1.0000000000000016</Rotation>
<Translation>7.5950983117797861 6.1600000000000037 -12.415443523681182</Translation>
</Transform>
</Instance>
<Instance name="AS 1112 (2) - Metrico M6  Tipo 5:3" uid="AS 1112 (2) - Metrico M6  Tipo 5:3" entityUid="AS 1112 (2) - Metrico M6  Tipo 5_{9BCF4747-0768-EEBD-BDB4-BAC10216F668}">
<Transform>
<Rotation>-5.6207133880942414e-16 -0.97995846765389394 -0.19920191182172972 1.0000000000000009 -2.6936915536690713e-16 0 -2.0356425236790127e-16 -0.19920191182172989 0.97995846765389361</Rotation>
<Translation>7.5950983117797817 0.17999999999999053 -12.415443523681187</Translation>
</Transform>
</Instance>
<Instance name="IS 2016 A A6.6:3" uid="IS 2016 A A6.6:3" entityUid="IS 2016 A A6.6_{D40BF110-1D68-FF06-0068-177DD8842A18}">
<Transform>
<Rotation>1.942890293094022e-16 1.0000000000000004 -3.0621167649034432e-16 1.0000000000000004 -1.6653345369377348e-16 0 0 -3.3306690738754849e-16 -1</Rotation>
<Translation>7.595098311779779 6.0000000000000027 -12.415443523681189</Translation>
</Transform>
</Instance>
<Instance name="UNI 5739 M6 x 60:4" uid="UNI 5739 M6 x 60:4" entityUid="UNI 5739 M6 x 60_{A372AD11-815C-A684-A6DB-14AD41B3ECC9}">
<Transform>
<Rotation>-1.9726566156842089e-16 0.99892413050008244 0.046374362579499201 -1.0000000000000009 -2.1099715151541659e-16 2.9120582571804981e-16 3.0067738465957858e-16 -0.046374362579499173 0.99892413050008355</Rotation>
<Translation>8.9798198778730658 6.1600000000000001 -12.209176259200934</Translation>
</Transform>
</Instance>
<Instance name="AS 1112 (2) - Metrico M6  Tipo 5:4" uid="AS 1112 (2) - Metrico M6  Tipo 5:4" entityUid="AS 1112 (2) - Metrico M6  Tipo 5_{9BCF4747-0768-EEBD-BDB4-BAC10216F668}">
<Transform>
<Rotation>-4.2525801843513987e-16 -0.9960361205948326 0.088949685049448585 1.0000000000000011 -1.0404570486887018e-16 0 0 0.088949685049448501 0.99603612059483226</Rotation>
<Translation>8.9798198778730711 0.1799999999999887 -12.209176259200937</Translation>
</Transform>
</Instance>
<Instance name="IS 2016 A A6.6:4" uid="IS 2016 A A6.6:4" entityUid="IS 2016 A A6.6_{D40BF110-1D68-FF06-0068-177DD8842A18}">
<Transform>
<Rotation>0 0.99938292347450308 0.035125094555834763 1.0000000000000004 0 -2.6766381502598656e-16 -3.0637051170781236e-16 0.03512509455583479 -0.99938292347450253</Rotation>
<Translation>8.9798198778730658 5.9999999999999973 -12.209176259200937</Translation>
</Transform>
</Instance>
<Instance name="UNI 5739 M6 x 60:2" uid="UNI 5739 M6 x 60:2" entityUid="UNI 5739 M6 x 60_{A372AD11-815C-A684-A6DB-14AD41B3ECC9}">
<Transform>
<Rotation>-3.4980348026354408e-16 0.99892413050008266 0.046374362579499201 -0.99999999999999967 -1.5548600028415837e-16 5.972797233039007e-16 0 -0.046374362579499118 0.99892413050008289</Rotation>
<Translation>7.5359490265113305 6.1600000000000019 -2.5161252965479335</Translation>
</Transform>
</Instance>
<Instance name="AS 1112 (2) - Metrico M6  Tipo 5:2" uid="AS 1112 (2) - Metrico M6  Tipo 5:2" entityUid="AS 1112 (2) - Metrico M6  Tipo 5_{9BCF4747-0768-EEBD-BDB4-BAC10216F668}">
<Transform>
<Rotation>-2.378703423852588e-16 -0.97995846765389394 -0.19920191182172972 1.0000000000000009 0 6.7975236642195345e-16 -7.5551334438345788e-16 -0.19920191182172989 0.97995846765389361</Rotation>
<Translation>7.535949026511326 0.17999999999999078 -2.5161252965479273</Translation>
</Transform>
</Instance>
<Instance name="IS 2016 A A6.6:2" uid="IS 2016 A A6.6:2" entityUid="IS 2016 A A6.6_{D40BF110-1D68-FF06-0068-177DD8842A18}">
<Transform>
<Rotation>1.2342240902110063e-16 0.97004349662363654 0.24293129616866765 1.0000000000000004 0 -5.8867080534773256e-16 -6.0890948380346057e-16 0.24293129616866777 -0.97004349662363609</Rotation>
<Translation>7.5359490265113287 5.9999999999999982 -2.5161252965479335</Translation>
</Transform>
</Instance>
<Instance name="IS 2016 A A6.6:1" uid="IS 2016 A A6.6:1" entityUid="IS 2016 A A6.6_{D40BF110-1D68-FF06-0068-177DD8842A18}">
<Transform>
<Rotation>0 0.96386625713597507 0.26638663321324368 1.0000000000000004 1.0262664900060145e-16 -4.5128777380798107e-16 -4.9686613238536148e-16 0.26638663321324374 -0.96386625713597451</Rotation>
<Translation>6.1512274604180419 6 -2.7223925610281814</Translation>
</Transform>
</Instance>
<Instance name="AS 1112 (2) - Metrico M6  Tipo 5:1" uid="AS 1112 (2) - Metrico M6  Tipo 5:1" entityUid="AS 1112 (2) - Metrico M6  Tipo 5_{9BCF4747-0768-EEBD-BDB4-BAC10216F668}">
<Transform>
<Rotation>-3.9279599781607203e-16 -0.96347851603449919 -0.26778564027960766 1.0000000000000013 -2.3931676031409237e-16 5.4738021935164665e-16 -6.8773527414461117e-16 -0.26778564027960777 0.96347851603449908</Rotation>
<Translation>6.1512274604180375 0.17999999999999178 -2.7223925610281761</Translation>
</Transform>
</Instance>
<Instance name="UNI 5739 M6 x 60:1" uid="UNI 5739 M6 x 60:1" entityUid="UNI 5739 M6 x 60_{A372AD11-815C-A684-A6DB-14AD41B3ECC9}">
<Transform>
<Rotation>-1.8798841574126125e-16 0.99892413050008244 0.046374362579499201 -1.0000000000000009 -2.1099715151541698e-16 4.9125700294460247e-16 5.0051333292613114e-16 -0.046374362579499173 0.99892413050008355</Rotation>
<Translation>6.1512274604180464 6.1600000000000028 -2.7223925610281823</Translation>
</Transform>
</Instance>
<Instance name="UNI 5739 M5 x 40:4" uid="UNI 5739 M5 x 40:4" entityUid="UNI 5739 M5 x 40_{08205C30-6148-93A5-1589-42B6ACEAB930}">
<Transform>
<Rotation>0 8.3266726846886652e-16 -1.0000000000000011 -1.0000000000000011 1.0675356770869295e-15 -1.1102230246251516e-16 1.0675356770869307e-15 1.0000000000000002 8.3266726846886859e-16</Rotation>
<Translation>4.9171432295856148 7.7000000000000055 -10.387869461470244</Translation>
</Transform>
</Instance>
<Instance name="IS 2016 A A5.5:7" uid="IS 2016 A A5.5:7" entityUid="IS 2016 A A5.5_{DBEE1004-8090-21BD-A1DF-749F6B10A68F}">
<Transform>
<Rotation>0 4.4408920985006311e-16 1.0000000000000004 1.0000000000000004 0 1.1102230246251647e-16 0 1.0000000000000002 -4.440892098500639e-16</Rotation>
<Translation>4.9171432295856201 5.9999999999999991 -10.387869461470252</Translation>
</Transform>
</Instance>
<Instance name="IS 2016 A A5.5:8" uid="IS 2016 A A5.5:8" entityUid="IS 2016 A A5.5_{DBEE1004-8090-21BD-A1DF-749F6B10A68F}">
<Transform>
<Rotation>0 4.4408920985006469e-16 1.0000000000000004 1.0000000000000004 1.0675356770869295e-15 1.1102230246251597e-16 -1.0675356770869297e-15 1.0000000000000002 -4.4408920985006557e-16</Rotation>
<Translation>4.9171432295856166 7.6000000000000032 -10.387869461470244</Translation>
</Transform>
</Instance>
<Instance name="AS 1112 (4) - Metrico M5:1" uid="AS 1112 (4) - Metrico M5:1" entityUid="AS 1112 (4) - Metrico M5_{148CA801-2ED7-8EEF-2ABF-CC5500D55229}">
<Transform>
<Rotation>-5.1809258849574789e-16 -0.065646617491024684 0.99784293433986249 1.0000000000000013 0 1.1766018955543918e-15 0 0.99784293433986282 0.065646617491024739</Rotation>
<Translation>4.9171432295856086 4.0500000000000007 -10.387869461470252</Translation>
</Transform>
</Instance>
<Instance name="UNI 5739 M5 x 40:5" uid="UNI 5739 M5 x 40:5" entityUid="UNI 5739 M5 x 40_{08205C30-6148-93A5-1589-42B6ACEAB930}">
<Transform>
<Rotation>0 4.7739590058881621e-16 -1.0000000000000011 -1.0000000000000011 1.0675356770869295e-15 -1.1102230246251554e-16 1.0675356770869307e-15 1.0000000000000002 4.7739590058881788e-16</Rotation>
<Translation>4.1804744278704469 7.7000000000000135 -5.4424352968513832</Translation>
</Transform>
</Instance>
<Instance name="IS 2016 A A5.5:9" uid="IS 2016 A A5.5:9" entityUid="IS 2016 A A5.5_{DBEE1004-8090-21BD-A1DF-749F6B10A68F}">
<Transform>
<Rotation>0 4.4408920985006311e-16 1.0000000000000004 1.0000000000000004 0 1.1102230246251647e-16 0 1.0000000000000002 -4.440892098500639e-16</Rotation>
<Translation>4.1804744278704478 6.0000000000000151 -5.4424352968513716</Translation>
</Transform>
</Instance>
<Instance name="IS 2016 A A5.5:10" uid="IS 2016 A A5.5:10" entityUid="IS 2016 A A5.5_{DBEE1004-8090-21BD-A1DF-749F6B10A68F}">
<Transform>
<Rotation>0 0 1.0000000000000004 1.0000000000000004 1.0675356770869295e-15 1.1102230246251634e-16 -1.0675356770869297e-15 1.0000000000000002 0</Rotation>
<Translation>4.1804744278704469 7.6000000000000103 -5.4424352968513823</Translation>
</Transform>
</Instance>
<Instance name="AS 1112 (4) - Metrico M5:2" uid="AS 1112 (4) - Metrico M5:2" entityUid="AS 1112 (4) - Metrico M5_{148CA801-2ED7-8EEF-2ABF-CC5500D55229}">
<Transform>
<Rotation>-5.413378928407126e-16 0.023160486288074045 0.99973175996109143 1.0000000000000013 0 1.1678315125631282e-15 0 0.99973175996109165 -0.023160486288073989</Rotation>
<Translation>4.1804744278704415 4.0500000000000007 -5.4424352968513752</Translation>
</Transform>
</Instance>
<Instance name="UNI 5739 M5 x 40:6" uid="UNI 5739 M5 x 40:6" entityUid="UNI 5739 M5 x 40_{08205C30-6148-93A5-1589-42B6ACEAB930}">
<Transform>
<Rotation>0 -0.063593739882464834 -0.99797586957188711 -1.0000000000000011 1.6675784338034571e-16 -1.1646943982016279e-16 1.7029686930363614e-16 0.99797586957188622 -0.063593739882464889</Rotation>
<Translation>10.213904108705483 7.6999999999999957 -4.5436993587588796</Translation>
</Transform>
</Instance>
<Instance name="IS 2016 A A5.5:11" uid="IS 2016 A A5.5:11" entityUid="IS 2016 A A5.5_{DBEE1004-8090-21BD-A1DF-749F6B10A68F}">
<Transform>
<Rotation>0 0.2282888649491718 0.97359344396941172 1.0000000000000002 -2.887590769480892e-16 0 2.8208678988705405e-16 0.97359344396941139 -0.22828886494917194</Rotation>
<Translation>10.213904108705483 5.9999999999999929 -4.5436993587588654</Translation>
</Transform>
</Instance>
<Instance name="IS 2016 A A5.5:12" uid="IS 2016 A A5.5:12" entityUid="IS 2016 A A5.5_{DBEE1004-8090-21BD-A1DF-749F6B10A68F}">
<Transform>
<Rotation>0 -0.12530314359771019 0.99211850209767427 1.0000000000000004 1.5994963486373432e-16 1.2081132546950087e-16 -1.6687130926160839e-16 0.99211850209767405 0.12530314359771022</Rotation>
<Translation>10.213904108705483 7.5999999999999952 -4.5436993587588805</Translation>
</Transform>
</Instance>
<Instance name="AS 1112 (4) - Metrico M5:3" uid="AS 1112 (4) - Metrico M5:3" entityUid="AS 1112 (4) - Metrico M5_{148CA801-2ED7-8EEF-2ABF-CC5500D55229}">
<Transform>
<Rotation>-1.9907726987585693e-16 -0.24897090967025526 0.96851096335455433 1.0000000000000013 2.9064684593409185e-16 8.9132110423004321e-16 -3.1241721263001381e-16 0.96851096335455455 0.2489709096702552</Rotation>
<Translation>10.213904108705474 4.0499999999999945 -4.5436993587588681</Translation>
</Transform>
</Instance>
<Instance name="UNI 5739 M5 x 40:7" uid="UNI 5739 M5 x 40:7" entityUid="UNI 5739 M5 x 40_{08205C30-6148-93A5-1589-42B6ACEAB930}">
<Transform>
<Rotation>0 8.0491169285323849e-16 -1.0000000000000016 -1.0000000000000011 0 -1.1102230246251605e-16 0 1.0000000000000007 8.3266726846886741e-16</Rotation>
<Translation>10.950572910420654 7.6999999999999966 -9.4891335233777419</Translation>
</Transform>
</Instance>
<Instance name="IS 2016 A A5.5:13" uid="IS 2016 A A5.5:13" entityUid="IS 2016 A A5.5_{DBEE1004-8090-21BD-A1DF-749F6B10A68F}">
<Transform>
<Rotation>-1.9910516494403809e-16 0.046374362579501727 0.99892413050008244 1.0000000000000004 0 2.1934556733206701e-16 0 0.99892413050008222 -0.046374362579501754</Rotation>
<Translation>10.950572910420648 5.9999999999999973 -9.4891335233777436</Translation>
</Transform>
</Instance>
<Instance name="IS 2016 A A5.5:14" uid="IS 2016 A A5.5:14" entityUid="IS 2016 A A5.5_{DBEE1004-8090-21BD-A1DF-749F6B10A68F}">
<Transform>
<Rotation>0 -0.34001481376729237 0.94042007976158948 1.0000000000000004 0 0 0 0.94042007976158926 0.34001481376729237</Rotation>
<Translation>10.950572910420657 7.5999999999999952 -9.4891335233777436</Translation>
</Transform>
</Instance>
<Instance name="AS 1112 (4) - Metrico M5:4" uid="AS 1112 (4) - Metrico M5:4" entityUid="AS 1112 (4) - Metrico M5_{148CA801-2ED7-8EEF-2ABF-CC5500D55229}">
<Transform>
<Rotation>-4.0675971397539588e-16 -0.25191572724919564 0.96774917533651772 1.0000000000000013 4.7851080973962444e-16 1.155720511010906e-15 -5.6131278945542815e-16 0.96774917533651783 0.25191572724919559</Rotation>
<Translation>10.950572910420643 4.0499999999999927 -9.4891335233777454</Translation>
</Transform>
</Instance>
<Instance name="31_Cuscinetto_fittizio:1" uid="31_Cuscinetto_fittizio:1" entityUid="31_Cuscinetto_fittizio.ipt_{876B1DB3-471D-7169-5B22-0CBFCA751E26}">
<Transform>
<Rotation>0.14733376034303391 1.7241007825052933e-16 0.98908683292377375 6.573395559419683e-15 0.99999999999999822 -1.1934402359694159e-15 -0.98908683292377209 6.6488724029991094e-15 0.14733376034303416</Rotation>
<Translation>5.2906239534208819 6.0000000000000018 -7.804652058903538</Translation>
</Transform>
</Instance>
<Instance name="31_Cuscinetto_fittizio:2" uid="31_Cuscinetto_fittizio:2" entityUid="31_Cuscinetto_fittizio.ipt_{876B1DB3-471D-7169-5B22-0CBFCA751E26}">
<Transform>
<Rotation>0.14733376034303447 -4.6443243096173582e-16 -0.98908683292377464 5.5851082245722655e-15 -1 1.3561071906324791e-15 -0.9890868329237742 -5.693180190694532e-15 -0.14733376034303447</Rotation>
<Translation>9.8404233848702418 5.9999999999999982 -7.1269167613255693</Translation>
</Transform>
</Instance>
<Instance name="Assieme_Barra:1" uid="Assieme_Barra:1" entityUid="Assieme_Barra.iam_{9C984EAF-4A42-F63D-9524-FB88469DEEDC}" rigid="true">
<Transform>
<Rotation>0.18044034256081096 2.7282863205886376e-15 0.98358593055032006 3.0068928492270359e-15 1 -3.3656174336810665e-15 -0.98358593055031973 3.5362100337015735e-15 0.18044034256081093</Rotation>
<Translation>7.9211754299149906 3.9999999999999476 -9.5419889884643414</Translation>
</Transform>
<Instance name="1_Asse_cuscinetti:1" uid="1_Asse_cuscinetti:1" entityUid="1_Asse_cuscinetti.ipt_{8399E34B-43EF-0CAF-E0AA-A6A711B719B9}">
<Transform>
<Rotation>0.9994368471434647 0.033555753186681136 -2.2759572004815712e-14 0 0 -1.0000000000000315 -0.033555753186671949 0.99943684714349545 2.6865810863567936e-15</Rotation>
<Translation>-2.1578076188961681 2.0000000000000657 -1.5093185630898098</Translation>
</Transform>
<VisualProperties>
<Ambient r="0.27058823529411763" g="0.27058823529411763" b="0.27058823529411763" a="1"/>
<Diffuse r="0.27058823529411763" g="0.27058823529411763" b="0.27058823529411763" a="1"/>
<Specular r="1" g="1" b="1" a="1"/>
<Emissive r="0" g="0" b="0" a="1"/>
<Shininess>0.52299999237060546</Shininess>
</VisualProperties>
</Instance>
<Instance name="2_Connettore_inf_sup:1" uid="2_Connettore_inf_sup:1" entityUid="2_Connettore_inf_sup.ipt_{C2195D89-4C8B-347C-BF50-73BA5CA51328}">
<Transform>
<Rotation>0.99943684714345471 -0.033555753186681025 1.5654144647214704e-14 0 0 1.0000000000000373 -0.033555753186671755 -0.99943684714349068 -2.4976509727955717e-15</Rotation>
<Translation>-2.1074739891161034 4.4000000000001558 -0.010163292374572919</Translation>
</Transform>
<VisualProperties>
<Ambient r="0.96078431372549022" g="0.96078431372549022" b="0.96078431372549022" a="1"/>
<Diffuse r="0.96078431372549022" g="0.96078431372549022" b="0.96078431372549022" a="1"/>
<Specular r="1" g="1" b="1" a="1"/>
<Emissive r="0" g="0" b="0" a="1"/>
<Shininess>0.51687499999999997</Shininess>
</VisualProperties>
</Instance>
<Instance name="3_Connettore_inf_INF:1" uid="3_Connettore_inf_INF:1" entityUid="3_Connettore_inf_INF.ipt_{785A06B7-49A8-E4E4-230C-F7A8604E65AF}">
<Transform>
<Rotation>0.99943684714346748 0.033555753186681025 -2.1149748619109242e-14 0 0 -1.0000000000000324 -0.033555753186672088 0.99943684714349679 2.6304719105880741e-15</Rotation>
<Translation>-2.1074739891161798 4.4408920985006262e-16 -0.010163292374555155</Translation>
</Transform>
<VisualProperties>
<Ambient r="0.96078431372549022" g="0.96078431372549022" b="0.96078431372549022" a="1"/>
<Diffuse r="0.96078431372549022" g="0.96078431372549022" b="0.96078431372549022" a="1"/>
<Specular r="1" g="1" b="1" a="1"/>
<Emissive r="0" g="0" b="0" a="1"/>
<Shininess>0.51687499999999997</Shininess>
</VisualProperties>
</Instance>
<Instance name="10_MPU_6050:1" visible="false" uid="10_MPU_6050:1" entityUid="10_MPU_6050.ipt_{E2057A6E-4575-693F-FA8D-F18B6A807785}">
<Transform>
<Rotation>0.86602540378444404 1.8041124150158794e-15 0.50000000000000011 0.50000000000000011 2.8446692086339212e-16 -0.86602540378444115 -1.27675647831893e-15 0.99999999999999944 -6.6613381477509392e-16</Rotation>
<Translation>16.427992753016163 5.9999999999999671 -3.0481788971605264</Translation>
</Transform>
</Instance>
<Instance name="4_barra:1" uid="4_barra:1" entityUid="4_barra.ipt_{70E42CB2-4E15-7EFF-0042-8DACF3A154F5}">
<Transform>
<Rotation>0.99943684714346426 0.033555753186681414 -2.1038155811583244e-14 -1.1141708810715772e-16 0 -1.0000000000000282 -0.0335557531866717 0.9994368471434959 2.6771994720341929e-15</Rotation>
<Translation>-2.1074739891161123 4.4000000000001576 -0.010163292374568478</Translation>
</Transform>
</Instance>
<Instance name="30_Connettore_sup:1" uid="30_Connettore_sup:1" entityUid="30_Connettore_sup.ipt_{0CFB390E-4EA8-A4AA-47A6-47950BFFF8A2}">
<Transform>
<Rotation>-0.99943684714347125 0.033555753186679499 2.1149748619109248e-14 1.0950074737854675e-16 0 1.000000000000028 0.033555753186671922 0.99943684714349468 -2.7686859448276954e-15</Rotation>
<Translation>-2.1557680438136355 19.700000000000596 0.041486337641903681</Translation>
</Transform>
<VisualProperties>
<Ambient r="0.96078431372549022" g="0.96078431372549022" b="0.96078431372549022" a="1"/>
<Diffuse r="0.96078431372549022" g="0.96078431372549022" b="0.96078431372549022" a="1"/>
<Specular r="1" g="1" b="1" a="1"/>
<Emissive r="0" g="0" b="0" a="1"/>
<Shininess>0.51687499999999997</Shininess>
</VisualProperties>
</Instance>
<Instance name="29_Motore_6mm:1" uid="29_Motore_6mm:1" entityUid="29_Motore_6mm.ipt_{E205AE32-4F83-E610-5241-B2BFB32A5644}">
<Transform>
<Rotation>0.99943684714347425 2.1126506035036577e-14 0.033555753186679194 -3.8176926897559653e-15 1.0000000000000289 1.1102230246251516e-16 -0.033555753186672171 -2.7512714328992153e-15 0.99943684714349468</Rotation>
<Translation>-2.2371407452912777 22.52000000000066 -2.3821480166810742</Translation>
</Transform>
<VisualProperties>
<Ambient r="0.95686274509803926" g="0.95686274509803926" b="0.95686274509803926" a="1"/>
<Diffuse r="0.95686274509803926" g="0.95686274509803926" b="0.95686274509803926" a="1"/>
<Specular r="0.95686274509803926" g="0.95686274509803926" b="0.95686274509803926" a="1"/>
<Emissive r="0" g="0" b="0" a="1"/>
<Shininess>0.69999999999999996</Shininess>
</VisualProperties>
</Instance>
<Instance name="AS 1110 - Metrico M3 x 12:1" uid="AS 1110 - Metrico M3 x 12:1" entityUid="AS 1110 - Metrico M3 x 12_{1F1E2368-1702-3548-C348-2F8F1888837D}">
<Transform>
<Rotation>-0.0032385509577242677 -3.0276966961894649e-06 -0.99999475587551534 -0.0018697782672401065 0.99999825195852654 3.0276966825892866e-06 0.99999300783404177 0.0018697782672410666 -0.0032385509577274596</Rotation>
<Translation>-0.73149139639243899 22.520000000000667 -3.1330941120571376</Translation>
</Transform>
</Instance>
<Instance name="AS 1110 - Metrico M3 x 12:2" uid="AS 1110 - Metrico M3 x 12:2" entityUid="AS 1110 - Metrico M3 x 12_{1F1E2368-1702-3548-C348-2F8F1888837D}">
<Transform>
<Rotation>0.033555753186677251 0.00028142846874165754 -0.99943680752016262 3.094746681142489e-15 0.99999996035438554 0.00028158704529930286 0.9994368471434858 -9.4488653943757767e-06 0.033555751856332888</Rotation>
<Translation>-3.0251989605866765 23.845018867790898 -3.0560836584937214</Translation>
</Transform>
</Instance>
<Instance name="AS 1110 - Metrico M3 x 12:3" uid="AS 1110 - Metrico M3 x 12:3" entityUid="AS 1110 - Metrico M3 x 12_{1F1E2368-1702-3548-C348-2F8F1888837D}">
<Transform>
<Rotation>0.033555753186678056 0.00028142846873979179 -0.99943680752016506 3.3341385208272891e-15 0.99999996035438954 0.00028158704529823708 0.99943684714349101 -9.4488653943168029e-06 0.033555751856332999</Rotation>
<Translation>-1.4960605844571671 23.845018867790898 -3.1074239608693297</Translation>
</Transform>
</Instance>
<Instance name="AS 1110 - Metrico M3 x 12:4" uid="AS 1110 - Metrico M3 x 12:4" entityUid="AS 1110 - Metrico M3 x 12_{1F1E2368-1702-3548-C348-2F8F1888837D}">
<Transform>
<Rotation>0.033555753186677528 0.000281428468740269 -0.99943680752016528 3.1571967262776548e-15 0.99999996035438821 0.00028158704529797427 0.99943684714348913 -9.4488653943167962e-06 0.033555751856332972</Rotation>
<Translation>-3.7897681486514623 22.52000000000066 -3.0304135073059131</Translation>
</Transform>
</Instance>
<Instance name="UNI 5739 M5 x 40:8" uid="UNI 5739 M5 x 40:8" entityUid="UNI 5739 M5 x 40_{08205C30-6148-93A5-1589-42B6ACEAB930}">
<Transform>
<Rotation>-2.3869795029440889e-15 0.80000000000000049 -0.59999999999999976 -1.0000000000000024 1.6656535828904423e-16 -1.849946313104958e-16 1.9584973175016152e-16 0.59999999999999865 0.80000000000000038</Rotation>
<Translation>-4.2793904502823699 4.0500000000001384 0.86320884235091011</Translation>
</Transform>
</Instance>
<Instance name="IS 2016 A A5.5:15" uid="IS 2016 A A5.5:15" entityUid="IS 2016 A A5.5_{DBEE1004-8090-21BD-A1DF-749F6B10A68F}">
<Transform>
<Rotation>2.2759572004815737e-15 -1.8596235662471372e-15 1.0000000000000011 1.0000000000000018 0 -1.1102230246250658e-16 0 0.99999999999999889 1.7763568394002505e-15</Rotation>
<Translation>-4.2793904502824009 2.0000000000000719 0.86320884235090123</Translation>
</Transform>
</Instance>
<Instance name="IS 2016 A A5.5:16" uid="IS 2016 A A5.5:16" entityUid="IS 2016 A A5.5_{DBEE1004-8090-21BD-A1DF-749F6B10A68F}">
<Transform>
<Rotation>1.9428902930940279e-15 -0.6578006202292741 -0.75319210300293526 1.0000000000000031 0 -1.3919788248982878e-16 -2.8100393662641475e-16 -0.75319210300293582 0.65780062022927377</Rotation>
<Translation>-4.2793904502823699 3.950000000000137 0.86320884235089945</Translation>
</Transform>
</Instance>
<Instance name="AS 1112 (4) - Metrico M5:5" uid="AS 1112 (4) - Metrico M5:5" entityUid="AS 1112 (4) - Metrico M5_{148CA801-2ED7-8EEF-2ABF-CC5500D55229}">
<Transform>
<Rotation>-1.6653345369377253e-15 -0.15001995789629574 -0.98868296851558701 1.000000000000004 0 1.3771835489933513e-16 -1.0316137025630258e-15 -0.98868296851558957 0.15001995789629696</Rotation>
<Translation>-4.279390450282456 0.20000000000001528 0.86320884235092343</Translation>
</Transform>
</Instance>
<Instance name="UNI 5739 M5 x 40:9" uid="UNI 5739 M5 x 40:9" entityUid="UNI 5739 M5 x 40_{08205C30-6148-93A5-1589-42B6ACEAB930}">
<Transform>
<Rotation>-1.2212453270876725e-14 0.80000000000000215 -0.60000000000000087 -1.0000000000000109 -1.1465899225048444e-16 0 0 0.6000000000000042 0.80000000000000693</Rotation>
<Translation>0.11813167714884365 4.0500000000001437 0.7155635283295334</Translation>
</Transform>
</Instance>
<Instance name="IS 2016 A A5.5:17" uid="IS 2016 A A5.5:17" entityUid="IS 2016 A A5.5_{DBEE1004-8090-21BD-A1DF-749F6B10A68F}">
<Transform>
<Rotation>1.73749903353837e-14 -0.00049245868422262418 0.9999998787422103 1.0000000000000264 0 0 -5.2547677021925699e-16 0.99999987874223617 0.00049245868422512218</Rotation>
<Translation>0.11813167714879391 2.0000000000000711 0.71556352832954939</Translation>
</Transform>
</Instance>
<Instance name="IS 2016 A A5.5:18" uid="IS 2016 A A5.5:18" entityUid="IS 2016 A A5.5_{DBEE1004-8090-21BD-A1DF-749F6B10A68F}">
<Transform>
<Rotation>1.9484414082171497e-14 -0.019538531665691167 0.99980910466965833 1.0000000000000322 0 0 2.0428156449524336e-16 0.99980910466968687 0.019538531665691916</Rotation>
<Translation>0.11813167714883654 3.9500000000001396 0.71556352832954317</Translation>
</Transform>
</Instance>
<Instance name="AS 1112 (4) - Metrico M5:6" uid="AS 1112 (4) - Metrico M5:6" entityUid="AS 1112 (4) - Metrico M5_{148CA801-2ED7-8EEF-2ABF-CC5500D55229}">
<Transform>
<Rotation>1.4099832412739491e-14 0.80870189820286109 0.58821870069141502 1.00000000000002 1.4618299664724747e-16 0 2.5599077881768713e-16 0.58821870069142335 -0.80870189820287164</Rotation>
<Translation>0.11813167714879036 0.20000000000001705 0.71556352832956538</Translation>
</Transform>
</Instance>
<Instance name="UNI 5739 M5 x 40:10" uid="UNI 5739 M5 x 40:10" entityUid="UNI 5739 M5 x 40_{08205C30-6148-93A5-1589-42B6ACEAB930}">
<Transform>
<Rotation>-8.770761894538743e-15 0.8000000000000016 -0.59999999999999987 -1.0000000000000073 2.3379822560037985e-16 0 8.0883900519653239e-16 0.60000000000000298 0.80000000000000493</Rotation>
<Translation>-4.3330796553810584 4.0500000000001455 -0.7358901130786899</Translation>
</Transform>
</Instance>
<Instance name="IS 2016 A A5.5:19" uid="IS 2016 A A5.5:19" entityUid="IS 2016 A A5.5_{DBEE1004-8090-21BD-A1DF-749F6B10A68F}">
<Transform>
<Rotation>1.4876988529977098e-14 0.0068043232098712048 0.99997685032487071 1.0000000000000215 0 0 -3.6102394269397555e-16 0.99997685032489003 -0.0068043232098700113</Rotation>
<Translation>-4.3330796553810869 2.0000000000000684 -0.73589011307868013</Translation>
</Transform>
</Instance>
<Instance name="IS 2016 A A5.5:20" uid="IS 2016 A A5.5:20" entityUid="IS 2016 A A5.5_{DBEE1004-8090-21BD-A1DF-749F6B10A68F}">
<Transform>
<Rotation>1.6042722705833515e-14 0.0086190089751978505 0.99996285565228948 1.0000000000000253 0 0 -6.1048389036991591e-16 0.9999628556523108 -0.0086190089751955745</Rotation>
<Translation>-4.3330796553810584 3.9500000000001423 -0.73589011307868457</Translation>
</Transform>
</Instance>
<Instance name="AS 1112 (4) - Metrico M5:7" uid="AS 1112 (4) - Metrico M5:7" entityUid="AS 1112 (4) - Metrico M5_{148CA801-2ED7-8EEF-2ABF-CC5500D55229}">
<Transform>
<Rotation>1.3822276656583199e-14 0.79903568023599081 0.60128361170899525 1.0000000000000184 0 0 6.4140037252140343e-16 0.60128361170900335 -0.79903568023600391</Rotation>
<Translation>-4.3330796553811579 0.2000000000000135 -0.73589011307867125</Translation>
</Transform>
</Instance>
<Instance name="UNI 5739 M5 x 40:11" uid="UNI 5739 M5 x 40:11" entityUid="UNI 5739 M5 x 40_{08205C30-6148-93A5-1589-42B6ACEAB930}">
<Transform>
<Rotation>-1.787459069646502e-14 -0.037626335042062364 -0.99929187873778935 -1.000000000000022 0 0 -9.7834812827179681e-16 0.99929187873780745 -0.037626335042060616</Rotation>
<Translation>0.064442472050144417 4.0500000000001419 -0.88353542710003818</Translation>
</Transform>
</Instance>
<Instance name="IS 2016 A A5.5:21" uid="IS 2016 A A5.5:21" entityUid="IS 2016 A A5.5_{DBEE1004-8090-21BD-A1DF-749F6B10A68F}">
<Transform>
<Rotation>1.4654943925052066e-14 -0.0013173416283729367 0.99999913230513982 1.0000000000000235 0 1.1405088267781693e-16 1.1649519735072726e-15 0.99999913230516013 0.0013173416283687178</Rotation>
<Translation>0.064442472050107114 2.0000000000000719 -0.88353542710003108</Translation>
</Transform>
</Instance>
<Instance name="IS 2016 A A5.5:22" uid="IS 2016 A A5.5:22" entityUid="IS 2016 A A5.5_{DBEE1004-8090-21BD-A1DF-749F6B10A68F}">
<Transform>
<Rotation>1.8429702208777599e-14 -0.020734255945759505 0.99978502220746013 1.0000000000000271 0 0 2.5418236696348502e-15 0.999785022207485 0.020734255945751595</Rotation>
<Translation>0.064442472050144417 3.9500000000001396 -0.88353542710004085</Translation>
</Transform>
</Instance>
<Instance name="AS 1112 (4) - Metrico M5:8" uid="AS 1112 (4) - Metrico M5:8" entityUid="AS 1112 (4) - Metrico M5_{148CA801-2ED7-8EEF-2ABF-CC5500D55229}">
<Transform>
<Rotation>1.3544720900426913e-14 0.80175194481660261 0.59765694088063503 1.0000000000000138 -1.1153399794364643e-16 0 4.1731829820565221e-16 0.59765694088064036 -0.80175194481660828</Rotation>
<Translation>0.064442472050117772 0.20000000000001528 -0.88353542710003286</Translation>
</Transform>
</Instance>
<Instance name="JIS B 1185 Tipo 1 - Metrico M4:1" uid="JIS B 1185 Tipo 1 - Metrico M4:1" entityUid="JIS B 1185 Tipo 1 - Metrico M4_{821578D8-83C6-B0A8-EE5D-F22048B4BA4F}">
<Transform>
<Rotation>0.033555753186671866 0.00028142846875023331 -0.99943680752016117 1.9810542095653792e-15 0.999999960354366 0.00028158704529890474 0.99943684714346692 -9.4488653946706865e-06 0.033555751856332749</Rotation>
<Translation>-2.1121455646709801 18.400000000000553 1.3407542389284561</Translation>
</Transform>
</Instance>
<Instance name="ISO 7089 4:1" uid="ISO 7089 4:1" entityUid="ISO 7089 4_{3EB9AE38-5E50-4FC3-26E0-406B9D9CA5CA}">
<Transform>
<Rotation>0.033555753186671922 -0.00028142846874889687 0.9994368075201614 1.9984014443251469e-15 -0.99999996035436722 -0.00028158704529803201 0.99943684714346692 9.4488653946186313e-06 -0.033555751856332749</Rotation>
<Translation>-2.2020749832112845 18.40000000000056 -1.3377365114161126</Translation>
</Transform>
</Instance>
<Instance name="DIN 1587 M4:1" uid="DIN 1587 M4:1" entityUid="DIN 1587 M4_{0FEC2F55-73ED-9EA8-63A2-F5D0A6A1A8EC}">
<Transform>
<Rotation>0.033555753186672033 0.00028142846875018934 -0.99943680752016228 2.0400348077487251e-15 0.999999960354367 0.00028158704529896914 0.99943684714346837 -9.4488653946574186e-06 0.033555751856332777</Rotation>
<Translation>-2.0872965730973032 18.40000000000056 2.080865708188262</Translation>
</Transform>
</Instance>
<Instance name="ISO 4017 M4 x 40:1" uid="ISO 4017 M4 x 40:1" entityUid="ISO 4017 M4 x 40_{106ECA69-99AA-D31A-75D7-8255D4C1C2DD}">
<Transform>
<Rotation>0.033555753186671949 0.35468207588610634 -0.93438462983569981 1.9567680809018376e-15 0.93491112770787177 0.35488192865796159 0.9994368471434677 -0.011908330408458526 0.031371647052837653</Rotation>
<Translation>-2.2020749832112845 18.40000000000056 -1.3377365114161153</Translation>
</Transform>
</Instance>
</Instance>
<Instance name="Assieme_Disco:1" uid="Assieme_Disco:1" entityUid="Assieme_Disco.iam_{9C984EAF-4A42-F63D-9524-FB88469DEEDC}" rigid="true">
<Transform>
<Rotation>0.14733376034303416 1.4681066143375621e-15 0.9890868329237742 0 1 -1.4745640460121305e-15 -0.9890868329237742 1.5257280062769536e-16 0.14733376034303416</Rotation>
<Translation>17.20121719264246 2.6817162429552068 0.56116952242090612</Translation>
</Transform>
<Instance name="9_Flangia:1" uid="9_Flangia:1" entityUid="9_Flangia.ipt_{47AA717B-4515-9B6A-A2A6-D9A29629A323}">
<Transform>
<Rotation>-0.64924192882812948 -1.3877787807814457e-16 0.76058195998297362 0.76058195998297573 2.1695583345519171e-15 0.64924192882812959 -4.5796699765787707e-16 1.000000000000002 0</Rotation>
<Translation>6.4696914828270096 23.148283757045359 -14.92317889716054</Translation>
</Transform>
</Instance>
<Instance name="24_Disco:1" uid="24_Disco:1" entityUid="24_Disco.ipt_{589156E5-4EA3-F9BE-FA25-68BB06AC74F5}">
<Transform>
<Rotation>-0.64924192882812248 -4.7184478546569153e-16 -0.76058195998296785 0.7605819599829704 -1.8248489609937011e-15 -0.64924192882812171 0 -1.0000000000000011 3.8857805861880479e-16</Rotation>
<Translation>6.4696914828269847 23.148283757045363 -16.10607889716055</Translation>
</Transform>
<VisualProperties>
<Ambient r="1" g="1" b="1" a="1"/>
<Diffuse r="1" g="1" b="1" a="1"/>
<Specular r="0" g="0" b="0" a="1"/>
<Emissive r="0" g="0" b="0" a="1"/>
<Shininess>0.105</Shininess>
</VisualProperties>
</Instance>
<Instance name="24_Disco:2" uid="24_Disco:2" entityUid="24_Disco.ipt_{589156E5-4EA3-F9BE-FA25-68BB06AC74F5}">
<Transform>
<Rotation>-0.64924192882812404 2.4980018054066022e-16 0.76058195998297173 0.76058195998297362 1.6401330475995321e-15 0.64924192882812382 -3.1918911957973251e-16 1.0000000000000004 0</Rotation>
<Translation>6.4696914828269918 23.148283757045355 -15.32317889716054</Translation>
</Transform>
<VisualProperties>
<Ambient r="1" g="1" b="1" a="1"/>
<Diffuse r="1" g="1" b="1" a="1"/>
<Specular r="0" g="0" b="0" a="1"/>
<Emissive r="0" g="0" b="0" a="1"/>
<Shininess>0.105</Shininess>
</VisualProperties>
</Instance>
<Instance name="DIN 1587 M6:1" uid="DIN 1587 M6:1" entityUid="DIN 1587 M6_{10C73804-9F76-B88F-F9A1-2AD85E2B709D}">
<Transform>
<Rotation>-1.2490009027033011e-15 0.55276195541481687 -0.83333919903361842 -1.9388240097538733e-15 -0.83333919903361942 -0.5527619554148171 -1.0000000000000009 2.6367796834847468e-16 2.2204460492503131e-16</Rotation>
<Translation>-4.9439913417913655 19.443173181230929 -17.023178897160534</Translation>
</Transform>
</Instance>
<Instance name="DIN 934 - sostituito da DIN EN 24032/28673/28674 M6:1" uid="DIN 934 - sostituito da DIN EN 24032/28673/28674 M6:1" entityUid="DIN 934 - sostituito da DIN EN 24032/28673/28674 M6_{9F4BC115-209C-E4B0-5136-B5F05713EBEC}">
<Transform>
<Rotation>-1.2212453270876722e-15 -0.94668315768401867 0.32216610460664635 -2.4014965172334907e-15 0.3221661046066478 0.94668315768402056 -1.0000000000000024 1.9428902930940239e-16 -3.8857805861880479e-16</Rotation>
<Translation>-4.9439913417913726 19.443173181230947 -15.483178897160537</Translation>
</Transform>
</Instance>
<Instance name="28_Rondella_M6:1" uid="28_Rondella_M6:1" entityUid="28_Rondella_M6.ipt_{A33BED69-44F4-0189-AF8B-96BE74B3C164}">
<Transform>
<Rotation>0.94668315768400191 -6.3837823915946501e-16 0.32216610460668416 -0.32216610460668615 -2.8094001281864185e-15 0.94668315768400257 -2.4980018054066022e-16 -1.0000000000000018 -3.9551695252271202e-16</Rotation>
<Translation>-4.9439913417913814 19.44317318123095 -14.763178897160534</Translation>
</Transform>
</Instance>
<Instance name="DIN 933 - sostituito da DIN EN 24017 M6  x 30:1" uid="DIN 933 - sostituito da DIN EN 24017 M6  x 30:1" entityUid="DIN 933 - sostituito da DIN EN 24017 M6  x 30_{A086C25C-6A33-B165-EA7C-DD8C6BD5BD3D}">
<Transform>
<Rotation>-1.0547118733938987e-15 0.75197748632024031 0.65918878939761782 -1.8478791386721208e-15 0.65918878939761771 -0.7519774863202402 -1.0000000000000013 -4.7184478546569153e-16 0</Rotation>
<Translation>-4.9439913417913726 19.443173181230939 -14.763178897160547</Translation>
</Transform>
</Instance>
<Instance name="28_Rondella_M6:2" uid="28_Rondella_M6:2" entityUid="28_Rondella_M6.ipt_{A33BED69-44F4-0189-AF8B-96BE74B3C164}">
<Transform>
<Rotation>0.09309569221649576 -1.0547118733938987e-15 -0.99565716594153642 0.9956571659415373 -1.5947294013945703e-15 0.093095692216496162 -3.1398494915180208e-16 -1.0000000000000002 2.2204460492503131e-16</Rotation>
<Translation>-4.9439913417913761 19.443173181230947 -15.323178897160536</Translation>
</Transform>
</Instance>
<Instance name="28_Rondella_M6:3" uid="28_Rondella_M6:3" entityUid="28_Rondella_M6.ipt_{A33BED69-44F4-0189-AF8B-96BE74B3C164}">
<Transform>
<Rotation>0.60926128094394227 -1.1657341758564144e-15 0.79296954011017884 -0.79296954011018339 -2.4461424428765453e-15 0.6092612809439405 1.9428902930940239e-16 -1.0000000000000009 -2.6367796834847468e-16</Rotation>
<Translation>-4.9439913417913708 19.443173181230939 -15.983178897160537</Translation>
</Transform>
</Instance>
<Instance name="28_Rondella_M6:4" uid="28_Rondella_M6:4" entityUid="28_Rondella_M6.ipt_{A33BED69-44F4-0189-AF8B-96BE74B3C164}">
<Transform>
<Rotation>0.55276195541480833 -9.4368957093138306e-16 0.83333919903362352 -0.83333919903362619 -2.2712763887398144e-15 0.55276195541480855 1.6653345369377348e-16 -1.0000000000000011 -3.6082248300317588e-16</Rotation>
<Translation>-4.9439913417913726 19.443173181230939 -16.863178897160541</Translation>
</Transform>
</Instance>
<Instance name="28_Rondella_M6:5" uid="28_Rondella_M6:5" entityUid="28_Rondella_M6.ipt_{A33BED69-44F4-0189-AF8B-96BE74B3C164}">
<Transform>
<Rotation>0.55888331759579168 -8.3266726846886741e-16 0.82924630678292621 -0.82924630678293021 -2.4527424029013042e-15 0.55888331759579091 2.0816681711721685e-16 -1.0000000000000009 -2.3592239273284576e-16</Rotation>
<Translation>-4.9439913417913726 19.443173181230947 -16.543178897160534</Translation>
</Transform>
</Instance>
<Instance name="28_Rondella_M6:6" uid="28_Rondella_M6:6" entityUid="28_Rondella_M6.ipt_{A33BED69-44F4-0189-AF8B-96BE74B3C164}">
<Transform>
